iso	country	year	eq_tr	r_eq_tr	housing_tr	r_housing_tr	dc
AUS	Australia	1950	0.31400	0.20340	1.36314	1.16424	
AUS	Australia	1951	-0.04600	-0.20394	0.20682	0.00703	0.013300125
AUS	Australia	1952	-0.13300	-0.26039	0.02714	-0.12378	-0.01217634
AUS	Australia	1953	0.13000	0.08363	0.02504	-0.01702	0.012011429
AUS	Australia	1954	0.18600	0.17794	0.07019	0.06292	0.038901587
AUS	Australia	1955	0.10300	0.08097	0.07081	0.04942	0.031113815
AUS	Australia	1956	0.07700	0.01357	0.15163	0.08380	0.010322471
AUS	Australia	1957	0.16700	0.13882	0.14944	0.12168	-0.002280452
AUS	Australia	1958	0.18900	0.17357	0.07087	0.05697	0.027160098
AUS	Australia	1959	0.44300	0.41692	0.07182	0.05245	0.039733766
AUS	Australia	1960	-0.06200	-0.09627	0.18052	0.13739	0.01925625
AUS	Australia	1961	0.11600	0.08865	-0.04652	-0.06989	0.022848553
AUS	Australia	1962	0.04200	0.04491	0.15769	0.16093	-0.018823468
AUS	Australia	1963	0.26600	0.25932	0.16707	0.16091	0.050813306
AUS	Australia	1964	0.04400	0.01992	0.08700	0.06193	0.040290467
AUS	Australia	1965	-0.08200	-0.11699	0.08826	0.04678	0.057528155
AUS	Australia	1966	0.06700	0.03617	0.08290	0.05161	0.042790415
AUS	Australia	1967	0.42500	0.38090	0.08523	0.05164	0.025513927
AUS	Australia	1968	0.34800	0.31316	0.11857	0.08966	0.069458997
AUS	Australia	1969	0.10100	0.06977	0.13167	0.09957	0.03287304
AUS	Australia	1970	-0.13700	-0.16944	0.15090	0.10764	0.026455646
AUS	Australia	1971	-0.06100	-0.11469	0.17449	0.10734	0.004873346
AUS	Australia	1972	0.36400	0.28843	0.14717	0.08361	0.01037494
AUS	Australia	1973	-0.25800	-0.32216	0.24786	0.13996	0.027662706
AUS	Australia	1974	-0.26200	-0.35887	0.24937	0.08537	-0.013911896
AUS	Australia	1975	0.54600	0.34351	0.16637	0.01360	0.015307565
AUS	Australia	1976	0.03600	-0.08742	0.17694	0.03673	0.024317968
AUS	Australia	1977	0.13200	0.00801	0.14364	0.01837	-0.001210133
AUS	Australia	1978	0.24300	0.15174	0.10838	0.02700	0.02985943
AUS	Australia	1979	0.39000	0.27418	0.12429	0.03061	0.020931157
AUS	Australia	1980	0.52300	0.38295	0.23567	0.12204	0.02169668
AUS	Australia	1981	-0.10800	-0.18681	0.20258	0.09633	0.015697563
AUS	Australia	1982	-0.15300	-0.23794	0.11573	0.00384	-0.040494663
AUS	Australia	1983	0.63700	0.48665	0.10249	0.00123	0.034236751
AUS	Australia	1984	0.00500	-0.03319	0.18509	0.14005	0.042112926
AUS	Australia	1985	0.42100	0.33128	0.14987	0.07727	0.030450626
AUS	Australia	1986	0.51100	0.38516	0.13456	0.04007	0.006235473
AUS	Australia	1987	-0.09600	-0.16673	0.10648	0.01990	0.039478767
AUS	Australia	1988	0.21100	0.12933	0.28200	0.19554	0.023818127
AUS	Australia	1989	0.17900	0.09614	0.29427	0.20331	0.022276648
AUS	Australia	1990	-0.15300	-0.21042	0.06589	-0.00637	-0.020691169
AUS	Australia	1991	0.27500	0.23519	0.05485	0.02191	-0.011701015
AUS	Australia	1992	-0.02200	-0.03155	0.07063	0.06018	0.02539192
AUS	Australia	1993	0.40456	0.37955	0.07174	0.05265	0.031644758
AUS	Australia	1994	-0.08810	-0.10506	0.07832	0.05827	0.034068057
AUS	Australia	1995	0.20723	0.15372	0.06261	0.01551	0.029037705
AUS	Australia	1996	0.14342	0.11431	0.05805	0.03111	0.026123171
AUS	Australia	1997	0.11419	0.11169	0.07185	0.06945	0.033537805
AUS	Australia	1998	0.08479	0.07555	0.13950	0.12979	0.041282012
AUS	Australia	1999	0.19295	0.17639	0.10247	0.08716	0.028315467
AUS	Australia	2000	0.05023	0.00541	0.13605	0.08758	0.00739462
AUS	Australia	2001	0.10135	0.05486	0.11730	0.07014	0.0241463
AUS	Australia	2002	-0.08096	-0.10816	0.23695	0.20035	0.020714472
AUS	Australia	2003	0.15864	0.12749	0.20934	0.17683	0.027993958
AUS	Australia	2004	0.27568	0.24689	0.08885	0.06427	0.012259611
AUS	Australia	2005	0.21088	0.17952	0.03706	0.01020	0.018631771
AUS	Australia	2006	0.24966	0.20677	0.10147	0.06367	0.012892064
AUS	Australia	2007	0.17953	0.15238	0.13594	0.10979	0.031976295
AUS	Australia	2008	-0.40385	-0.42869	0.06564	0.02123	0.016012927
AUS	Australia	2009	0.39578	0.37151	0.05680	0.03842	-0.001425573
AUS	Australia	2010	0.03306	0.00431	0.14347	0.11164	0.004921545
AUS	Australia	2011	-0.11431	-0.14285	-0.00476	-0.03684	0.010488231
AUS	Australia	2012	0.18841	0.16841	0.01437	-0.00271	0.021196492
AUS	Australia	2013	0.19656	0.16794	0.08900	0.06296	0.008343641
AUS	Australia	2014	0.05610	0.03021	0.11234	0.08507	0.010151142
AUS	Australia	2015	0.02561	0.01060	0.11045	0.09420	0.00732407
DNK	Denmark	1950	0.25552	0.18283	0.10102	0.03728	
DNK	Denmark	1951	-0.02810	-0.12066	0.18578	0.07285	-0.001159017
DNK	Denmark	1952	-0.01107	-0.04736	0.11382	0.07294	-0.019726155
DNK	Denmark	1953	0.09310	0.08316	0.11518	0.10504	0.016808712
DNK	Denmark	1954	0.15272	0.15272	0.12929	0.12929	0.041676368
DNK	Denmark	1955	0.16087	0.10082	0.12299	0.06491	-0.004470273
DNK	Denmark	1956	0.16993	0.10335	0.12724	0.06309	0.006286484
DNK	Denmark	1957	0.10950	0.07987	0.16111	0.13010	0.014502454
DNK	Denmark	1958	0.06575	0.05802	0.11835	0.11023	0.016714317
DNK	Denmark	1959	0.30213	0.28001	0.15693	0.13729	0.028120268
DNK	Denmark	1960	0.16120	0.14681	0.21933	0.20422	0.056385441
DNK	Denmark	1961	0.04480	0.00994	0.35124	0.30615	0.051981677
DNK	Denmark	1962	0.06030	-0.01256	0.17560	0.09483	0.019310867
DNK	Denmark	1963	-0.00293	-0.06030	0.13886	0.07333	0.0198737
DNK	Denmark	1964	0.24082	0.20359	0.19646	0.16056	0.045164815
DNK	Denmark	1965	0.07117	0.01580	0.11439	0.05680	0.015682175
DNK	Denmark	1966	0.09230	0.02023	0.19392	0.11514	0.021444502
DNK	Denmark	1967	-0.14916	-0.21370	0.10889	0.02478	0.024017467
DNK	Denmark	1968	0.08233	0.00259	0.08638	0.00634	0.016073479
DNK	Denmark	1969	0.19813	0.15775	0.10740	0.07008	0.052784504
DNK	Denmark	1970	-0.05179	-0.10979	0.21761	0.14314	0.022845753
DNK	Denmark	1971	-0.01185	-0.06664	0.12129	0.05912	-0.001499026
DNK	Denmark	1972	0.48656	0.39502	0.22627	0.15075	-0.006455487
DNK	Denmark	1973	0.62432	0.48607	0.20423	0.10173	0.051375038
DNK	Denmark	1974	-0.22610	-0.32865	0.09531	-0.04983	-0.033486634
DNK	Denmark	1975	0.16445	0.06240	0.22929	0.12156	0.027509294
DNK	Denmark	1976	0.35681	0.24478	0.13739	0.04348	0.064978292
DNK	Denmark	1977	0.07841	-0.02968	0.17652	0.05860	0.00828917
DNK	Denmark	1978	-0.00093	-0.09183	0.20147	0.09216	0.006738544
DNK	Denmark	1979	0.02037	-0.06910	0.13808	0.03829	-0.001472557
DNK	Denmark	1980	-0.01512	-0.12303	0.02287	-0.08920	-0.035929749
DNK	Denmark	1981	0.77524	0.58866	-0.00566	-0.11016	-0.026421916
DNK	Denmark	1982	0.34868	0.22472	0.02583	-0.06845	0.019997143
DNK	Denmark	1983	0.81643	0.69906	0.26950	0.18747	0.013443495
DNK	Denmark	1984	0.09640	0.03151	0.20299	0.13180	0.032057482
DNK	Denmark	1985	0.06629	0.01863	0.21542	0.16110	0.039630473
DNK	Denmark	1986	0.02780	-0.00867	0.15733	0.11628	0.065164198
DNK	Denmark	1987	-0.13870	-0.17177	-0.03567	-0.07270	-0.024301777
DNK	Denmark	1988	0.15420	0.10384	0.05575	0.00968	-0.02094176
DNK	Denmark	1989	0.41858	0.35396	0.03913	-0.00821	-0.002657891
DNK	Denmark	1990	0.11323	0.08458	-0.02597	-0.05104	0.002538071
DNK	Denmark	1991	0.09394	0.06835	0.06817	0.04318	0.009240506
DNK	Denmark	1992	-0.06935	-0.08846	0.04004	0.01869	0.018938919
DNK	Denmark	1993	0.03356	0.02072	0.04931	0.03627	-0.020679468
DNK	Denmark	1994	0.20573	0.18218	0.18370	0.16058	0.054172951
DNK	Denmark	1995	0.01202	-0.00863	0.13138	0.10828	0.007511625
DNK	Denmark	1996	0.31960	0.29215	0.15930	0.13518	0.011005917
DNK	Denmark	1997	0.43762	0.40689	0.16401	0.13913	0.022825705
DNK	Denmark	1998	-0.03903	-0.05621	0.13434	0.11406	0.016021973
DNK	Denmark	1999	0.23249	0.20266	0.10935	0.08251	-0.009123677
DNK	Denmark	2000	0.16970	0.13645	0.10535	0.07392	-0.00511538
DNK	Denmark	2001	-0.12866	-0.14886	0.09728	0.07184	-0.002399452
DNK	Denmark	2002	-0.20234	-0.22122	0.07380	0.04839	0.012484252
DNK	Denmark	2003	0.33083	0.30378	0.06890	0.04717	0.00780543
DNK	Denmark	2004	0.24031	0.22616	0.12655	0.11370	0.046357616
DNK	Denmark	2005	0.43154	0.40598	0.21071	0.18910	0.039369234
DNK	Denmark	2006	0.22443	0.20132	0.24603	0.22250	0.032098256
DNK	Denmark	2007	0.07134	0.05351	0.07115	0.05332	0.015
DNK	Denmark	2008	-0.47955	-0.49674	-0.02016	-0.05253	-0.01320197
DNK	Denmark	2009	0.35473	0.33728	-0.09303	-0.10471	-0.049221246
DNK	Denmark	2010	0.32678	0.29681	0.05900	0.03508	0.003369226
DNK	Denmark	2011	-0.16320	-0.18567	0.00364	-0.02331	-0.001362577
DNK	Denmark	2012	0.26642	0.23676	0.00093	-0.02251	0.001349322
DNK	Denmark	2013	0.30648	0.29625	0.07414	0.06573	-0.001377919
DNK	Denmark	2014	0.19768	0.19097	0.07226	0.06624	0.004010215
DNK	Denmark	2015	0.33986	0.33383	0.02788	0.02326	0.015605613
FIN	Finland	1950	0.83633	0.60145	0.16333	0.01453	
FIN	Finland	1951	0.13683	-0.02230	0.64490	0.41465	0.067609636
FIN	Finland	1952	-0.12834	-0.13695	0.45856	0.44415	0.051621271
FIN	Finland	1953	0.36808	0.34142	-0.02756	-0.04652	-0.030883992
FIN	Finland	1954	0.05449	0.05449	0.29835	0.29835	0.05815088
FIN	Finland	1955	0.60346	0.65165	0.10856	0.14188	0.073815548
FIN	Finland	1956	0.02389	-0.07757	0.20753	0.08788	0.031398431
FIN	Finland	1957	-0.15161	-0.23761	0.15883	0.04137	-0.029235979
FIN	Finland	1958	0.05865	-0.00692	0.09847	0.03044	-0.034740205
FIN	Finland	1959	0.43154	0.40978	0.28509	0.26555	0.064010336
FIN	Finland	1960	0.14853	0.11262	0.20817	0.17040	0.074294751
FIN	Finland	1961	-0.00779	-0.02540	0.12873	0.10870	0.069209337
FIN	Finland	1962	0.14489	0.09596	0.40019	0.34035	0.053290909
FIN	Finland	1963	0.04801	-0.00064	0.22310	0.16632	0.037084088
FIN	Finland	1964	0.08780	-0.01425	0.23753	0.12143	0.049621425
FIN	Finland	1965	-0.05769	-0.10098	0.27916	0.22039	0.052507282
FIN	Finland	1966	-0.06924	-0.10449	0.21842	0.17227	0.021751341
FIN	Finland	1967	-0.01287	-0.06551	0.15060	0.08924	0.015622997
FIN	Finland	1968	0.40422	0.28608	0.15784	0.06043	-0.003836554
FIN	Finland	1969	0.25863	0.23143	0.19302	0.16725	0.107910428
FIN	Finland	1970	0.24894	0.21572	0.11479	0.08514	0.079500523
FIN	Finland	1971	0.19758	0.12467	0.13490	0.06581	0.015500756
FIN	Finland	1972	0.70677	0.59298	0.18519	0.10617	0.077857595
FIN	Finland	1973	0.44167	0.29900	0.35261	0.21875	0.053816095
FIN	Finland	1974	-0.17428	-0.29228	0.29642	0.11116	0.012536351
FIN	Finland	1975	0.03365	-0.12262	0.14090	-0.03159	0.027027681
FIN	Finland	1976	-0.13385	-0.24249	0.15333	0.00867	0.008526831
FIN	Finland	1977	-0.11512	-0.21456	0.12179	-0.00427	-0.009328427
FIN	Finland	1978	0.19232	0.10607	0.12837	0.04675	0.017565638
FIN	Finland	1979	0.26251	0.17477	0.12979	0.05128	0.053213708
FIN	Finland	1980	0.04081	-0.06732	0.29406	0.15961	0.026298041
FIN	Finland	1981	0.23924	0.10639	0.24935	0.11541	0.008523534
FIN	Finland	1982	0.41609	0.29244	0.29283	0.17995	0.040693968
FIN	Finland	1983	0.68809	0.55778	0.27660	0.17805	0.026183614
FIN	Finland	1984	-0.02878	-0.09289	0.20448	0.12498	0.025404437
FIN	Finland	1985	0.16114	0.09678	0.11597	0.05412	0.031496738
FIN	Finland	1986	0.65665	0.60997	0.10584	0.07467	0.030704285
FIN	Finland	1987	0.31101	0.25960	0.19232	0.14556	0.046038773
FIN	Finland	1988	0.34797	0.28260	0.43122	0.36181	0.051061237
FIN	Finland	1989	-0.15490	-0.20747	0.27148	0.19239	0.050248928
FIN	Finland	1990	-0.30560	-0.34554	-0.01559	-0.07221	-0.016070314
FIN	Finland	1991	-0.19759	-0.22931	-0.09590	-0.13164	-0.043626385
FIN	Finland	1992	0.08006	0.05267	-0.11782	-0.14019	-0.045745239
FIN	Finland	1993	0.92862	0.88894	0.00962	-0.01115	-0.042697282
FIN	Finland	1994	0.17701	0.16436	0.15603	0.14360	0.020420015
FIN	Finland	1995	-0.06346	-0.07260	0.04739	0.03717	0.056490448
FIN	Finland	1996	0.50785	0.49920	0.15526	0.14864	0.032655289
FIN	Finland	1997	0.35157	0.33532	0.27534	0.26000	0.030982647
FIN	Finland	1998	0.72053	0.69763	0.17861	0.16293	0.039437763
FIN	Finland	1999	1.67038	1.63585	0.15969	0.14469	0.033465576
FIN	Finland	2000	-0.09294	-0.11895	0.12928	0.09690	0.027218341
FIN	Finland	2001	-0.30625	-0.32426	0.05510	0.02771	0.016355344
FIN	Finland	2002	-0.32820	-0.34141	0.15280	0.13012	0.012146188
FIN	Finland	2003	0.08504	0.07123	0.12875	0.11437	0.041436994
FIN	Finland	2004	0.07573	0.07415	0.13543	0.13377	0.030462872
FIN	Finland	2005	0.35206	0.34167	0.12349	0.11486	0.03728714
FIN	Finland	2006	0.21827	0.20293	0.14277	0.12838	0.05648162
FIN	Finland	2007	0.25042	0.23093	0.11313	0.09578	0.023933
FIN	Finland	2008	-0.51307	-0.53142	0.06503	0.02489	0.010327824
FIN	Finland	2009	0.26212	0.24183	0.06463	0.04752	-0.023991115
FIN	Finland	2010	0.23452	0.21405	0.14894	0.12989	0.025960915
FIN	Finland	2011	-0.27021	-0.29369	0.08610	0.05116	0.024185669
FIN	Finland	2012	0.14103	0.10606	0.08212	0.04895	-0.000917437
FIN	Finland	2013	0.32243	0.29376	0.07091	0.04770	-0.009792068
FIN	Finland	2014	0.10743	0.09420	0.05041	0.03786	0.001911478
FIN	Finland	2015	0.14864	0.15043	0.04998	0.05162	0.01272785
FRA	France	1950	-0.15076	-0.22698	0.13528	0.03339	
FRA	France	1951	0.44295	0.23681	0.20334	0.03143	0.067440822
FRA	France	1952	0.13945	0.01657	0.26605	0.12951	0.031380753
FRA	France	1953	0.23160	0.25623	0.20164	0.22567	0.032860041
FRA	France	1954	1.15856	1.15856	0.20701	0.20701	0.031029065
FRA	France	1955	-0.03663	-0.04617	0.28556	0.27284	0.045333333
FRA	France	1956	0.03151	0.00175	0.36678	0.32735	0.049562682
FRA	France	1957	0.14294	0.09051	0.31685	0.25644	0.037847222
FRA	France	1958	-0.08519	-0.20229	0.30130	0.13474	-0.006691201
FRA	France	1959	0.26739	0.19115	0.28426	0.20701	0.01077804
FRA	France	1960	-0.07178	-0.10541	0.29588	0.24893	0.041986005
FRA	France	1961	0.04901	0.01946	0.21461	0.18040	0.048289095
FRA	France	1962	-0.10588	-0.14788	0.22994	0.17216	0.054606467
FRA	France	1963	-0.18257	-0.21925	0.30464	0.24610	0.055828753
FRA	France	1964	-0.07981	-0.10838	0.30275	0.26229	0.045479452
FRA	France	1965	-0.04782	-0.07650	0.27716	0.23869	0.030922432
FRA	France	1966	-0.17162	-0.19238	0.16280	0.13366	0.03990849
FRA	France	1967	-0.02192	-0.04873	0.11748	0.08685	0.04204351
FRA	France	1968	0.17395	0.12284	0.13682	0.08732	0.035186488
FRA	France	1969	0.23662	0.16619	0.16694	0.10048	0.057783821
FRA	France	1970	-0.08762	-0.13801	0.10162	0.04078	0.035132819
FRA	France	1971	-0.05679	-0.10509	0.12105	0.06364	0.044701987
FRA	France	1972	0.16952	0.10267	0.15143	0.08561	0.04199683
FRA	France	1973	-0.03170	-0.09826	0.16595	0.08581	0.051140684
FRA	France	1974	-0.27135	-0.35886	0.20613	0.06127	0.028214867
FRA	France	1975	0.31950	0.18144	0.17482	0.05190	0.012664908
FRA	France	1976	-0.11293	-0.19082	0.21345	0.10690	0.050373458
FRA	France	1977	-0.16803	-0.24017	0.20353	0.09917	0.021829006
FRA	France	1978	0.62094	0.48369	0.16457	0.06597	0.033500566
FRA	France	1979	0.09008	-0.01481	0.17869	0.06527	0.023802067
FRA	France	1980	0.08802	-0.04172	0.24535	0.09685	0.008412359
FRA	France	1981	-0.11161	-0.21613	0.15449	0.01867	0.015319278
FRA	France	1982	0.10402	-0.01408	0.09997	-0.01769	0.026590977
FRA	France	1983	0.58669	0.44957	0.09670	0.00192	0.003346915
FRA	France	1984	0.14484	0.06325	0.08575	0.00837	0.002900653
FRA	France	1985	0.37106	0.29552	0.08086	0.02130	0.015762834
FRA	France	1986	0.38241	0.34819	0.09533	0.06822	0.031605923
FRA	France	1987	-0.23759	-0.26186	0.12045	0.08477	0.027325421
FRA	France	1988	0.62350	0.58081	0.15703	0.12660	0.026061257
FRA	France	1989	0.30861	0.26438	0.16734	0.12789	0.020162346
FRA	France	1990	-0.21963	-0.24515	0.13181	0.09481	0.019122177
FRA	France	1991	0.16629	0.12994	0.09423	0.06013	0.001511145
FRA	France	1992	0.04760	0.02339	0.01849	-0.00505	0.0038979
FRA	France	1993	0.36441	0.33627	0.03063	0.00937	-0.008642285
FRA	France	1994	-0.14313	-0.15713	0.04513	0.02806	0.010107391
FRA	France	1995	0.01892	0.00112	0.03917	0.02102	0.012632896
FRA	France	1996	0.30595	0.28029	0.05859	0.03779	0.012475296
FRA	France	1997	0.27768	0.26171	0.04536	0.03229	0.00146395
FRA	France	1998	0.31297	0.30412	0.07247	0.06524	0.035083445
FRA	France	1999	0.55628	0.54735	0.11905	0.11263	0.030834412
FRA	France	2000	0.00534	-0.01257	0.13620	0.11597	0.031510446
FRA	France	2001	-0.19238	-0.20652	0.12331	0.10364	0.020254566
FRA	France	2002	-0.29273	-0.30618	0.12906	0.10758	0.01529616
FRA	France	2003	0.21223	0.18646	0.15775	0.13314	0.012287638
FRA	France	2004	0.12998	0.10423	0.18774	0.16067	0.019843783
FRA	France	2005	0.28433	0.26053	0.18682	0.16483	0.016559718
FRA	France	2006	0.22561	0.20280	0.14980	0.12841	0.018122582
FRA	France	2007	0.03063	0.01438	0.09270	0.07547	0.0054
FRA	France	2008	-0.40893	-0.42704	0.03427	0.00257	-0.000994629
FRA	France	2009	0.29032	0.28900	-0.04475	-0.04573	0.001194743
FRA	France	2010	0.04189	0.02411	0.08001	0.06158	0.01339207
FRA	France	2011	-0.13389	-0.15185	0.08704	0.06450	0.00132185
FRA	France	2012	0.20369	0.18060	0.02206	0.00245	-0.009039265
FRA	France	2013	0.22217	0.21171	0.00595	-0.00266	-6.59276E-05
FRA	France	2014	0.02708	0.02190	0.01019	0.00509	0.003432879
FRA	France	2015	0.11945	0.11902	0.01063	0.01025	0.011188311
DEU	Germany	1950	-0.08311	-0.02229			
DEU	Germany	1951	1.17748	1.02268			0.067630058
DEU	Germany	1952	0.21792	0.19248			0.085002707
DEU	Germany	1953	0.25190	0.27558			0.099301397
DEU	Germany	1954	0.89262	0.88816			0.049931911
DEU	Germany	1955	0.11041	0.09238			0.094249892
DEU	Germany	1956	-0.04888	-0.07255			0.075859344
DEU	Germany	1957	0.07799	0.05570			0.050312156
DEU	Germany	1958	0.61110	0.57817			0.038111888
DEU	Germany	1959	0.81962	0.80202			0.046480296
DEU	Germany	1960	0.37916	0.35896			0.069842292
DEU	Germany	1961	-0.06964	-0.09035			0.046329723
DEU	Germany	1962	-0.21531	-0.23728			0.042840713
DEU	Germany	1963	0.12049	0.08801	0.21195	0.17681	0.018472567
DEU	Germany	1964	0.09510	0.07001	0.10744	0.08206	0.042501354
DEU	Germany	1965	-0.11891	-0.14648	0.23933	0.20055	0.057387692
DEU	Germany	1966	-0.13634	-0.16653	0.15162	0.11136	0.021611002
DEU	Germany	1967	0.37916	0.35735	0.13060	0.11272	0.008173077
DEU	Germany	1968	0.15988	0.14133	0.12690	0.10888	0.043872198
DEU	Germany	1969	0.19146	0.16955	0.07531	0.05554	0.070123344
DEU	Germany	1970	-0.21519	-0.24127	0.11929	0.08210	0.065955176
DEU	Germany	1971	0.07234	0.01898	0.10539	0.05038	0.044052863
DEU	Germany	1972	0.16431	0.10366	0.10073	0.04339	0.04756425
DEU	Germany	1973	-0.15125	-0.20674	0.10577	0.03348	0.023617722
DEU	Germany	1974	0.02421	-0.04246	0.10722	0.03514	-0.003040601
DEU	Germany	1975	0.31156	0.23802	0.05236	-0.00664	0.040904198
DEU	Germany	1976	-0.02220	-0.06248	0.05396	0.01054	0.047569804
DEU	Germany	1977	0.12451	0.08448	0.08949	0.05071	0.044587035
DEU	Germany	1978	0.11919	0.08991	0.10260	0.07375	0.037171208
DEU	Germany	1979	-0.09371	-0.12954	0.14431	0.09907	0.031890661
DEU	Germany	1980	0.03376	-0.01939	0.10355	0.04681	0.011626196
DEU	Germany	1981	0.02798	-0.03318	0.09796	0.03264	-0.005673553
DEU	Germany	1982	0.14812	0.09068	0.04420	-0.00804	-0.00936357
DEU	Germany	1983	0.39329	0.34910	0.03307	0.00030	0.017574952
DEU	Germany	1984	0.10989	0.08379	0.00984	-0.01390	0.023657475
DEU	Germany	1985	0.66651	0.63092	0.03620	0.01407	0.020983978
DEU	Germany	1986	0.15035	0.15179	0.03691	0.03821	0.037494792
DEU	Germany	1987	-0.33509	-0.33669	0.02493	0.02245	0.035470486
DEU	Germany	1988	0.27899	0.26291	0.05139	0.03817	0.020423992
DEU	Germany	1989	0.31482	0.27928	0.07689	0.04778	0.020395237
DEU	Germany	1990	-0.06979	-0.09421	0.11144	0.08226	0.018621974
DEU	Germany	1991	0.12856	0.08896	0.08763	0.04947	0.034978672
DEU	Germany	1992	-0.02087	-0.06801	0.11082	0.05734	0.025435704
DEU	Germany	1993	0.46706	0.40446	0.09633	0.04955	0.001378043
DEU	Germany	1994	-0.07063	-0.09536	0.08303	0.05421	0.016399083
DEU	Germany	1995	0.06992	0.05059	0.05137	0.03237	0.018842378
DEU	Germany	1996	0.22142	0.20351	0.03320	0.01805	0.010188261
DEU	Germany	1997	0.40826	0.38731	0.02549	0.01023	0.00690638
DEU	Germany	1998	0.15536	0.14818	0.02640	0.02002	0.014371257
DEU	Germany	1999	0.31675	0.30834	0.06510	0.05829	0.029086616
DEU	Germany	2000	-0.09912	-0.11123	0.04600	0.03194	0.022423863
DEU	Germany	2001	-0.17914	-0.19453	0.04654	0.02692	0.017545649
DEU	Germany	2002	-0.39940	-0.40734	0.01941	0.00593	-0.008721805
DEU	Germany	2003	0.37576	0.36164	0.03952	0.02885	0.000707929
DEU	Germany	2004	0.08466	0.06558	0.03079	0.01266	0.001616978
DEU	Germany	2005	0.28202	0.25752	0.03193	0.01221	-0.000807184
DEU	Germany	2006	0.24087	0.21888	0.05307	0.03441	0.009795012
DEU	Germany	2007	0.20423	0.17764	0.06431	0.04081	-0.001
DEU	Germany	2008	-0.42579	-0.44119	0.06006	0.03162	0.004704705
DEU	Germany	2009	0.25404	0.25120	0.05924	0.05684	0.000298894
DEU	Germany	2010	0.18458	0.17112	0.08007	0.06780	0.005252591
DEU	Germany	2011	-0.14816	-0.16548	0.10771	0.08519	0.037544788
DEU	Germany	2012	0.29263	0.26718	0.14848	0.12587	0.013101583
DEU	Germany	2013	0.26746	0.24867	0.11136	0.09488	0.000883182
DEU	Germany	2014	0.03094	0.02168	0.09792	0.08806	0.00630299
DEU	Germany	2015	0.11330	0.11069	0.09681	0.09425	0.010581383
ITA	Italy	1950	0.09795	0.10560	0.02974	0.03691	
ITA	Italy	1951	0.13668	-0.00541	0.21228	0.06075	0.025773196
ITA	Italy	1952	0.41880	0.39290	0.04753	0.02841	0.060859855
ITA	Italy	1953	0.08180	0.06665	0.03888	0.02434	0.059473684
ITA	Italy	1954	0.34936	0.30847	0.07571	0.04311	0.007948336
ITA	Italy	1955	0.07480	0.04319	0.05734	0.02624	0.039921143
ITA	Italy	1956	0.04603	0.01614	0.06712	0.03663	0.042654028
ITA	Italy	1957	0.03657	0.02197	0.06733	0.05229	0.045454545
ITA	Italy	1958	0.29207	0.25667	0.05007	0.02131	0.035652174
ITA	Italy	1959	0.60400	0.60400	0.04701	0.04701	0.042401343
ITA	Italy	1960	0.23028	0.21365	0.08383	0.06919	0.056786146
ITA	Italy	1961	0.05376	0.02602	0.10609	0.07698	0.068978659
ITA	Italy	1962	-0.13783	-0.17057	0.13920	0.09594	0.073083779
ITA	Italy	1963	-0.11273	-0.17536	0.15482	0.07331	0.091694352
ITA	Italy	1964	-0.22266	-0.26585	0.17531	0.11001	0.033779671
ITA	Italy	1965	0.25353	0.20018	0.05562	0.01070	0.027377097
ITA	Italy	1966	0.00905	-0.02216	0.06906	0.03600	0.062750716
ITA	Italy	1967	0.04693	0.01552	0.07243	0.04025	0.065516312
ITA	Italy	1968	0.05510	0.03441	0.14579	0.12332	0.047317814
ITA	Italy	1969	0.18874	0.16588	0.09040	0.06943	0.065474752
ITA	Italy	1970	-0.16629	-0.20454	0.11604	0.06485	0.053287982
ITA	Italy	1971	-0.13208	-0.17736	0.08347	0.02694	0.032723358
ITA	Italy	1972	0.13676	0.08040	0.14696	0.09008	0.027308735
ITA	Italy	1973	0.19723	0.08108	0.14807	0.03669	0.052150974
ITA	Italy	1974	-0.27807	-0.39538	0.95594	0.63810	0.024108004
ITA	Italy	1975	-0.01970	-0.16124	0.05788	-0.09486	-0.003578154
ITA	Italy	1976	-0.07536	-0.20685	0.29408	0.11006	0.039123039
ITA	Italy	1977	-0.25169	-0.36277	0.10139	-0.06210	0.02691888
ITA	Italy	1978	0.31607	0.17391	0.14079	0.01757	0.022670917
ITA	Italy	1979	0.09938	-0.04097	0.27502	0.11225	0.064946311
ITA	Italy	1980	0.83847	0.51593	0.40840	0.16131	0.057570337
ITA	Italy	1981	0.08285	-0.08073	0.32348	0.12355	0.014916193
ITA	Italy	1982	-0.08782	-0.21623	0.16040	-0.00295	0.009090909
ITA	Italy	1983	0.32557	0.15644	0.10840	-0.03302	-0.002252252
ITA	Italy	1984	0.20127	0.08374	0.04732	-0.05515	0.029044394
ITA	Italy	1985	0.99938	0.83079	0.05685	-0.03226	0.02851711
ITA	Italy	1986	0.73319	0.63822	0.06859	0.01004	0.040807621
ITA	Italy	1987	-0.28499	-0.31730	0.10264	0.05282	0.03647541
ITA	Italy	1988	0.27984	0.21759	0.18197	0.12447	0.040463951
ITA	Italy	1989	0.12505	0.05916	0.22976	0.15773	0.039143653
ITA	Italy	1990	-0.28007	-0.32399	0.24698	0.17091	0.019748872
ITA	Italy	1991	0.04991	-0.01231	0.18052	0.11055	0.026658697
ITA	Italy	1992	-0.01859	-0.06604	0.18303	0.12584	0.015952492
ITA	Italy	1993	0.51399	0.44912	0.06082	0.01537	-0.031518625
ITA	Italy	1994	0.09471	0.05233	0.01736	-0.02203	0.015266272
ITA	Italy	1995	-0.00282	-0.05251	0.05503	0.00246	0.01480359
ITA	Italy	1996	0.07913	0.03803	0.07578	0.03482	0.009189065
ITA	Italy	1997	0.59717	0.56818	0.06592	0.04657	0.031185978
ITA	Italy	1998	0.45186	0.42295	0.04236	0.02161	0.034216336
ITA	Italy	1999	0.23055	0.21056	0.05436	0.03723	0.02529349
ITA	Italy	2000	0.08858	0.06120	0.08839	0.06102	0.023212241
ITA	Italy	2001	-0.22175	-0.23943	0.10820	0.08303	0.006205493
ITA	Italy	2002	-0.18566	-0.20639	0.15118	0.12187	-0.001415428
ITA	Italy	2003	0.17216	0.14009	0.09978	0.06969	0.001923661
ITA	Italy	2004	0.26379	0.23589	0.10501	0.08062	-0.003132579
ITA	Italy	2005	0.20897	0.18287	0.10536	0.08150	-0.001520527
ITA	Italy	2006	0.22232	0.19567	0.09011	0.06634	0.015228426
ITA	Italy	2007	-0.04195	-0.06097	0.07691	0.05554	-0.0029
ITA	Italy	2008	-0.46840	-0.48634	0.04693	0.01161	-0.02376893
ITA	Italy	2009	0.22565	0.21635	0.02471	0.01693	-0.026402301
ITA	Italy	2010	-0.07459	-0.08934	0.02434	0.00801	0.008885236
ITA	Italy	2011	-0.21319	-0.23562	0.03922	0.00959	-0.001071649
ITA	Italy	2012	0.13068	0.09440	-0.01082	-0.04256	-0.039739702
ITA	Italy	2013	0.22843	0.21332	-0.02137	-0.03341	-0.035685104
ITA	Italy	2014	0.03466	0.03225	-0.00545	-0.00777	-0.007402479
ITA	Italy	2015	0.17594	0.17468	0.01364	0.01254	0.019303531
JPN	Japan	1950	-0.27820	-0.22498			
JPN	Japan	1951	0.42148	0.20497			0.111002258
JPN	Japan	1952	0.81019	0.72417			0.159841707
JPN	Japan	1953	0.56977	0.47323			0.114745587
JPN	Japan	1954	-0.07894	-0.13460			0.037685475
JPN	Japan	1955	0.21122	0.22582			0.067239486
JPN	Japan	1956	0.46459	0.45808			0.078624429
JPN	Japan	1957	0.17635	0.14085			0.07276791
JPN	Japan	1958	0.12527	0.13014			0.055253388
JPN	Japan	1959	0.53750	0.52430			0.073069471
JPN	Japan	1960	0.36317	0.31248	0.28802	0.24012	0.101389964
JPN	Japan	1961	0.20459	0.14318	0.43765	0.36436	0.094554368
JPN	Japan	1962	-0.02012	-0.08137	0.31452	0.23236	0.066716431
JPN	Japan	1963	0.10704	0.02770	0.20166	0.11553	0.077863208
JPN	Japan	1964	-0.08892	-0.12189	0.18839	0.14539	0.094122171
JPN	Japan	1965	0.00496	-0.05708	0.20334	0.12906	0.045202865
JPN	Japan	1966	0.25859	0.19585	0.11280	0.05732	0.093568859
JPN	Japan	1967	0.05622	0.01743	0.16762	0.12475	0.09801568
JPN	Japan	1968	0.13842	0.08044	0.22846	0.16588	0.083893719
JPN	Japan	1969	0.34069	0.27247	0.25817	0.19414	0.084251822
JPN	Japan	1970	0.09358	0.01602	0.28116	0.19030	0.068989993
JPN	Japan	1971	0.12733	0.06282	0.22951	0.15916	0.044519234
JPN	Japan	1972	0.61180	0.54044	0.19476	0.14187	0.07746133
JPN	Japan	1973	0.30898	0.17441	0.33557	0.19827	0.081933064
JPN	Japan	1974	-0.12447	-0.29695	0.29763	0.04200	-0.019637373
JPN	Japan	1975	0.05088	-0.06020	-0.00702	-0.11198	0.029069149
JPN	Japan	1976	0.14641	0.04795	0.05371	-0.03679	0.021993869
JPN	Japan	1977	0.10224	0.02083	0.08071	0.00088	0.02916759
JPN	Japan	1978	0.13754	0.09552	0.09142	0.05111	0.043773005
JPN	Japan	1979	0.10140	0.06357	0.11739	0.07901	0.055826321
JPN	Japan	1980	0.06383	-0.01550	0.17066	0.08336	0.001582465
JPN	Japan	1981	0.17548	0.12068	0.16128	0.10714	0.0070258
JPN	Japan	1982	0.00610	-0.02017	0.12751	0.09807	0.036779998
JPN	Japan	1983	0.22308	0.20127	0.09253	0.07304	0.021337291
JPN	Japan	1984	0.27473	0.24693	0.06945	0.04612	0.017824154
JPN	Japan	1985	0.21527	0.19187	0.06071	0.04029	0.033613224
JPN	Japan	1986	0.31692	0.30853	0.05517	0.04844	0.027198236
JPN	Japan	1987	0.47517	0.47360	0.07848	0.07733	0.036297416
JPN	Japan	1988	0.09663	0.08854	0.11739	0.10915	0.044364935
JPN	Japan	1989	0.20692	0.18080	0.08636	0.06284	0.044121829
JPN	Japan	1990	-0.13175	-0.15780	0.15826	0.12351	0.042418704
JPN	Japan	1991	-0.15509	-0.18209	0.12548	0.08953	0.025614419
JPN	Japan	1992	-0.26120	-0.27316	0.00163	-0.01459	0.023681662
JPN	Japan	1993	0.12973	0.11486	-0.02209	-0.03496	0.0112125
JPN	Japan	1994	0.06542	0.05845	0.00049	-0.00605	0.023510613
JPN	Japan	1995	-0.13682	-0.13601	0.01607	0.01702	0.014500466
JPN	Japan	1996	0.16981	0.16871	0.01318	0.01223	0.022046922
JPN	Japan	1997	-0.12793	-0.14313	0.01753	-0.00021	0.006622626
JPN	Japan	1998	-0.14893	-0.15436	0.01988	0.01337	-0.003106109
JPN	Japan	1999	0.20517	0.20847	0.00796	0.01072	-0.000323078
JPN	Japan	2000	0.12055	0.12880	-0.00037	0.00699	0.007940429
JPN	Japan	2001	-0.21789	-0.21207	-0.00324	0.00418	0.014550375
JPN	Japan	2002	-0.16842	-0.16066	-0.00650	0.00276	0.003163594
JPN	Japan	2003	-0.04552	-0.04305	-0.00786	-0.00529	0.009740652
JPN	Japan	2004	0.25290	0.25303	-0.02208	-0.02198	0.019010985
JPN	Japan	2005	0.15390	0.15720	-0.00891	-0.00607	0.01891371
JPN	Japan	2006	0.27169	0.26849	0.00870	0.00616	0.018636982
JPN	Japan	2007	0.02686	0.02623	0.03452	0.03388	0.006445
JPN	Japan	2008	-0.27347	-0.28341	0.04334	0.02906	-0.006494145
JPN	Japan	2009	-0.24992	-0.23965	0.01602	0.02994	-0.008967816
JPN	Japan	2010	0.03775	0.04527	0.01211	0.01944	0.027501875
JPN	Japan	2011	-0.04824	-0.04564	0.02141	0.02421	-0.003400621
JPN	Japan	2012	-0.04364	-0.04310	0.02636	0.02694	0.021916463
JPN	Japan	2013	0.72168	0.71580	0.07317	0.06950	0.027542711
JPN	Japan	2014	0.10385	0.07421	0.07124	0.04247	-0.00775008
JPN	Japan	2015	0.11166	0.10291	0.07893	0.07044	-0.001108309
NLD	Netherlands	1950	0.02515	-0.05949	0.05347	-0.03351	
NLD	Netherlands	1951	0.03893	-0.07178	0.10508	-0.01267	-0.03490874
NLD	Netherlands	1952	-0.04734	-0.04734	0.10437	0.10437	-0.005466036
NLD	Netherlands	1953	0.22624	0.22624	0.16138	0.16138	0.043289869
NLD	Netherlands	1954	0.72942	0.66290	0.15891	0.11433	0.054357726
NLD	Netherlands	1955	0.22892	0.20574	0.20375	0.18104	0.05423696
NLD	Netherlands	1956	0.11082	0.09025	0.18510	0.16315	0.062118168
NLD	Netherlands	1957	-0.07763	-0.13062	0.12338	0.05884	-0.009585683
NLD	Netherlands	1958	0.40306	0.37310	0.12910	0.10499	-0.0115552
NLD	Netherlands	1959	0.32759	0.31357	0.19666	0.18402	0.029630396
NLD	Netherlands	1960	0.07463	0.05023	0.18145	0.15462	0.048805066
NLD	Netherlands	1961	0.05401	0.04041	0.23679	0.22083	0.040735189
NLD	Netherlands	1962	-0.05242	-0.07360	0.20776	0.18077	0.046653798
NLD	Netherlands	1963	0.13272	0.09607	0.12462	0.08824	0.057445724
NLD	Netherlands	1964	0.17243	0.10825	0.12057	0.05923	0.04554561
NLD	Netherlands	1965	-0.07081	-0.12171	-0.03671	-0.08947	0.061146232
NLD	Netherlands	1966	-0.14302	-0.18997	-0.03438	-0.08729	0.01890628
NLD	Netherlands	1967	0.33058	0.28574	0.14137	0.10291	0.042600751
NLD	Netherlands	1968	0.34616	0.29844	0.14078	0.10034	0.05552131
NLD	Netherlands	1969	-0.03080	-0.09781	0.36570	0.27127	0.065374012
NLD	Netherlands	1970	-0.04418	-0.07811	0.28946	0.24369	0.060498733
NLD	Netherlands	1971	-0.05353	-0.11938	0.19230	0.10934	0.020035086
NLD	Netherlands	1972	0.30857	0.21398	0.16586	0.08159	0.015845311
NLD	Netherlands	1973	-0.13726	-0.20127	0.18692	0.09886	0.037746624
NLD	Netherlands	1974	-0.19213	-0.26295	0.17582	0.07274	0.024112063
NLD	Netherlands	1975	0.47473	0.33808	0.18410	0.07438	0.02106792
NLD	Netherlands	1976	0.05433	-0.03324	0.36457	0.25124	0.047096862
NLD	Netherlands	1977	0.09302	0.02656	0.43101	0.34400	0.03504685
NLD	Netherlands	1978	0.05776	0.01629	0.11822	0.07438	0.039792469
NLD	Netherlands	1979	0.11091	0.06603	-0.01666	-0.05639	0.00611457
NLD	Netherlands	1980	0.18620	0.11337	-0.04287	-0.10163	-0.008978239
NLD	Netherlands	1981	-0.00594	-0.06878	-0.05352	-0.11336	-0.043855686
NLD	Netherlands	1982	0.24104	0.17231	-0.05309	-0.10553	-0.013631374
NLD	Netherlands	1983	0.60514	0.56107	0.08709	0.05724	0.006226339
NLD	Netherlands	1984	0.28100	0.24040	0.06463	0.03088	0.01303316
NLD	Netherlands	1985	0.33099	0.30204	0.07626	0.05285	0.013285304
NLD	Netherlands	1986	0.09501	0.09392	0.12459	0.12347	0.017479136
NLD	Netherlands	1987	-0.17890	-0.17304	0.12229	0.13029	0.014866298
NLD	Netherlands	1988	0.35225	0.34223	0.12019	0.11189	0.009521475
NLD	Netherlands	1989	0.27496	0.26131	0.13978	0.12758	0.025969992
NLD	Netherlands	1990	-0.13129	-0.15210	0.09063	0.06450	0.033064407
NLD	Netherlands	1991	0.18728	0.15121	0.09803	0.06467	0.019107954
NLD	Netherlands	1992	0.07924	0.04594	0.15811	0.12238	-0.000167027
NLD	Netherlands	1993	0.47247	0.43538	0.15474	0.12565	0.001338949
NLD	Netherlands	1994	0.02285	-0.00502	0.19333	0.16081	0.013322663
NLD	Netherlands	1995	0.19815	0.17554	0.13494	0.11352	0.021872068
NLD	Netherlands	1996	0.40328	0.37473	0.17359	0.14972	0.039313001
NLD	Netherlands	1997	0.44899	0.42259	0.17776	0.15630	0.029199633
NLD	Netherlands	1998	0.22288	0.20146	0.16527	0.14485	0.045169466
NLD	Netherlands	1999	0.30649	0.28040	0.21444	0.19018	0.046184119
NLD	Netherlands	2000	-0.02128	-0.04371	0.22732	0.19919	0.029380145
NLD	Netherlands	2001	-0.19218	-0.23147	0.15110	0.09510	0.010423762
NLD	Netherlands	2002	-0.32825	-0.35318	0.10141	0.06054	0.002592998
NLD	Netherlands	2003	0.09192	0.06814	0.07128	0.04795	-0.00672992
NLD	Netherlands	2004	0.09735	0.08238	0.07795	0.06324	0.006520537
NLD	Netherlands	2005	0.30318	0.28403	0.07433	0.05855	0.004659286
NLD	Netherlands	2006	0.20137	0.18185	0.07982	0.06228	-0.011156136
NLD	Netherlands	2007	0.08165	0.06475	0.07477	0.05798	0.016202
NLD	Netherlands	2008	-0.49462	-0.50556	0.06166	0.03869	0.00828969
NLD	Netherlands	2009	0.44535	0.43142	-0.00171	-0.01133	-0.013514199
NLD	Netherlands	2010	0.09256	0.08250	0.01445	0.00512	-0.004867004
NLD	Netherlands	2011	-0.09285	-0.11472	0.01137	-0.01302	-0.003961331
NLD	Netherlands	2012	0.12577	0.09492	-0.02525	-0.05196	-0.015062557
NLD	Netherlands	2013	0.18547	0.15592	-0.01854	-0.04300	-0.012556528
NLD	Netherlands	2014	0.09625	0.09276	0.05436	0.05100	0.000142547
NLD	Netherlands	2015	0.08113	0.07878	0.08225	0.07989	0.015260491
NOR	Norway	1950	0.18171	0.12475	0.08620	0.03383	
NOR	Norway	1951	0.12378	-0.02867	0.03299	-0.10715	-0.008329863
NOR	Norway	1952	-0.02079	-0.10174	0.10858	0.01693	0.030659387
NOR	Norway	1953	-0.01152	-0.03300	0.17049	0.14505	0.029747351
NOR	Norway	1954	0.29334	0.24255	-0.04231	-0.07991	0.020182034
NOR	Norway	1955	0.08791	0.07711	0.38328	0.36955	0.02094647
NOR	Norway	1956	0.17782	0.13465	0.08971	0.04977	0.020136778
NOR	Norway	1957	-0.11736	-0.14197	0.08626	0.05596	0.0141527
NOR	Norway	1958	-0.03446	-0.08074	0.14718	0.09219	-0.00550863
NOR	Norway	1959	0.13142	0.10613	0.04828	0.02485	0.032496307
NOR	Norway	1960	0.10149	0.09753	0.16095	0.15678	0.074034335
NOR	Norway	1961	0.08808	0.06512	0.11127	0.08782	0.05028305
NOR	Norway	1962	-0.19031	-0.23088	0.15596	0.09804	0.022511097
NOR	Norway	1963	0.10737	0.08066	0.16732	0.13916	0.026666667
NOR	Norway	1964	0.02982	-0.02725	0.13511	0.07220	0.029598309
NOR	Norway	1965	-0.02992	-0.06891	0.19215	0.14424	0.016720446
NOR	Norway	1966	-0.08572	-0.11451	0.12622	0.09076	0.027986151
NOR	Norway	1967	-0.03390	-0.07620	0.12425	0.07502	0.030030873
NOR	Norway	1968	0.14181	0.10375	0.12885	0.09123	0.028065395
NOR	Norway	1969	0.21763	0.18259	0.14926	0.11619	0.06864564
NOR	Norway	1970	0.36287	0.23184	0.21157	0.09508	-0.007440476
NOR	Norway	1971	-0.18755	-0.23516	0.12382	0.05798	0.048975512
NOR	Norway	1972	0.16951	0.09037	0.20052	0.11928	0.018342068
NOR	Norway	1973	0.43882	0.33944	0.11974	0.04240	0.02994152
NOR	Norway	1974	-0.32542	-0.38345	0.11333	0.01756	0.025891438
NOR	Norway	1975	-0.11796	-0.21027	0.19548	0.07036	0.04936905
NOR	Norway	1976	0.12048	0.02644	0.11413	0.02063	0.056329114
NOR	Norway	1977	-0.21684	-0.28219	0.28248	0.17547	0.060714999
NOR	Norway	1978	0.09471	0.01211	0.19422	0.10410	-0.021841461
NOR	Norway	1979	0.61350	0.54070	0.14611	0.09440	0.037728585
NOR	Norway	1980	-0.04689	-0.14066	0.17006	0.05495	0.016694491
NOR	Norway	1981	0.20941	0.06409	0.38041	0.21454	-0.00237183
NOR	Norway	1982	-0.12115	-0.21053	0.29221	0.16079	0.005303584
NOR	Norway	1983	0.92804	0.77838	0.11776	0.03099	0.016736402
NOR	Norway	1984	0.32284	0.24432	0.14604	0.07803	0.030059045
NOR	Norway	1985	0.35791	0.28528	0.13400	0.07335	0.093972555
NOR	Norway	1986	-0.06623	-0.12889	0.36054	0.26924	0.046522706
NOR	Norway	1987	-0.10823	-0.17977	0.28122	0.17844	-0.012744652
NOR	Norway	1988	0.33756	0.25379	0.04044	-0.02472	-0.028430921
NOR	Norway	1989	0.59781	0.52842	-0.08937	-0.12892	-0.012021512
NOR	Norway	1990	-0.07800	-0.11453	0.02072	-0.01972	0.002561639
NOR	Norway	1991	-0.11708	-0.14632	-0.00971	-0.04250	0.018205046
NOR	Norway	1992	-0.04774	-0.06959	-0.00338	-0.02625	0.018193225
NOR	Norway	1993	0.59363	0.55803	0.15413	0.12834	0.018022181
NOR	Norway	1994	0.11406	0.09871	0.22849	0.21156	0.029202603
NOR	Norway	1995	0.16799	0.14008	0.15473	0.12713	0.034842693
NOR	Norway	1996	0.33443	0.31798	0.17880	0.16427	0.061940617
NOR	Norway	1997	0.36776	0.33338	0.15731	0.12822	0.027558528
NOR	Norway	1998	-0.26890	-0.28511	0.21099	0.18415	0.023043874
NOR	Norway	1999	0.47665	0.44298	0.19233	0.16515	0.030160346
NOR	Norway	2000	0.04273	0.01152	0.20970	0.17349	0.036442248
NOR	Norway	2001	-0.14613	-0.17114	0.13136	0.09822	0.016924911
NOR	Norway	2002	-0.31086	-0.31963	0.12194	0.10767	0.025550867
NOR	Norway	2003	0.48399	0.44814	0.07309	0.04717	0.0232
NOR	Norway	2004	0.38445	0.37804	0.19624	0.19070	0.049033843
NOR	Norway	2005	0.40477	0.38371	0.16776	0.15026	0.025127768
NOR	Norway	2006	0.32435	0.29417	0.21546	0.18776	0.038637308
NOR	Norway	2007	0.11461	0.10654	0.16476	0.15633	0.042243898
NOR	Norway	2008	-0.54061	-0.55729	-0.00400	-0.04015	0.004165889
NOR	Norway	2009	0.64782	0.61287	0.05768	0.03524	-0.012250999
NOR	Norway	2010	0.18347	0.15575	0.13144	0.10493	0.024772741
NOR	Norway	2011	-0.12456	-0.13582	0.13359	0.11901	0.020868887
NOR	Norway	2012	0.15363	0.14626	0.10844	0.10136	0.021435942
NOR	Norway	2013	0.23592	0.21015	0.07861	0.05612	0.01575588
NOR	Norway	2014	0.04952	0.02808	0.06491	0.04315	0.009266985
NOR	Norway	2015	0.05941	0.03716	0.09849	0.07543	0.016929152
PRT	Portugal	1950	0.00828	0.03495	-0.02799	-0.00228	
PRT	Portugal	1951	0.17749	0.16137	0.13047	0.11500	0.049431015
PRT	Portugal	1952	0.15276	0.15097	0.03850	0.03689	-0.009760703
PRT	Portugal	1953	0.12199	0.11196	0.20377	0.19300	0.063256707
PRT	Portugal	1954	0.30218	0.29195	0.09160	0.08302	0.038552326
PRT	Portugal	1955	-0.00266	-0.03520	0.21476	0.17513	0.033419888
PRT	Portugal	1956	-0.00906	-0.05074	0.06623	0.02139	-0.000509906
PRT	Portugal	1957	-0.03429	-0.03452	0.02173	0.02149	0.048730116
PRT	Portugal	1958	-0.04944	-0.06287	0.13116	0.11518	0.021726644
PRT	Portugal	1959	0.11209	0.09760	0.12695	0.11227	0.042535006
PRT	Portugal	1960	0.08053	0.05710	0.18464	0.15895	0.046736583
PRT	Portugal	1961	-0.02387	-0.02146	0.04330	0.04587	0.054674194
PRT	Portugal	1962	-0.06358	-0.06316	-0.09209	-0.09168	0.053125794
PRT	Portugal	1963	0.16057	0.13114	0.05171	0.02504	0.060370286
PRT	Portugal	1964	0.19379	0.13807	0.11115	0.05929	0.036585257
PRT	Portugal	1965	0.09501	0.06053	0.05660	0.02334	0.092151096
PRT	Portugal	1966	0.14293	0.11459	0.06092	0.03462	0.03998013
PRT	Portugal	1967	-0.04399	-0.08228	-0.00764	-0.04739	0.050058379
PRT	Portugal	1968	0.05354	0.03305	0.11459	0.09291	0.066744405
PRT	Portugal	1969	0.31890	0.28440	0.09991	0.07114	-0.023544342
PRT	Portugal	1970	0.09905	0.04638	0.08112	0.02931	0.099272861
PRT	Portugal	1971	0.19487	0.11251	0.25665	0.17003	0.106396865
PRT	Portugal	1972	0.46552	0.35200	0.14798	0.05906	0.045794305
PRT	Portugal	1973	0.73811	0.61405	0.27289	0.18204	0.066748958
PRT	Portugal	1974	-0.23353	-0.44411	0.23793	-0.10218	0.07313983
PRT	Portugal	1975	-0.44303	-0.53011	-0.11041	-0.24949	-0.087987603
PRT	Portugal	1976	-0.44303	-0.53832	0.19624	-0.00841	-0.010862558
PRT	Portugal	1977	-0.44080	-0.57946	0.33260	0.00216	0.021805382
PRT	Portugal	1978	-0.22110	-0.38554	0.32383	0.04435	0.059774876
PRT	Portugal	1979	0.40605	0.13300	0.26871	0.02232	0.068515915
PRT	Portugal	1980	1.07054	0.74881	0.33431	0.12698	0.079332756
PRT	Portugal	1981	-0.31103	-0.40647	0.44866	0.24798	0.017529774
PRT	Portugal	1982	-0.15460	-0.30931	0.29110	0.05483	0.019005162
PRT	Portugal	1983	-0.03658	-0.23234	0.29556	0.03232	-0.004751823
PRT	Portugal	1984	0.07049	-0.16887	0.25390	-0.02648	-0.001381987
PRT	Portugal	1985	1.36882	0.98061	0.24858	0.04396	0.011768276
PRT	Portugal	1986	0.92671	0.72336	0.20501	0.07783	0.062416412
PRT	Portugal	1987	1.11877	0.94109	0.26226	0.15640	0.081563016
PRT	Portugal	1988	-0.27715	-0.34255	0.26517	0.15071	0.086538038
PRT	Portugal	1989	0.31688	0.16952	0.24214	0.10314	0.043177646
PRT	Portugal	1990	-0.32945	-0.40869	0.25057	0.10280	0.078387259
PRT	Portugal	1991	-0.02298	-0.12297	0.19445	0.07222	0.083720715
PRT	Portugal	1992	-0.11212	-0.18468	0.11301	0.02205	0.035563182
PRT	Portugal	1993	0.53246	0.43893	0.10702	0.03945	0.002148215
PRT	Portugal	1994	0.08416	0.03057	0.09362	0.03957	0.002378368
PRT	Portugal	1995	-0.04594	-0.08351	0.18412	0.13748	0.012792751
PRT	Portugal	1996	0.32568	0.28582	0.03917	0.00793	0.030168972
PRT	Portugal	1997	0.65247	0.61690	0.13782	0.11332	0.030150224
PRT	Portugal	1998	0.26245	0.23510	0.20602	0.17990	0.04583184
PRT	Portugal	1999	0.12566	0.10178	0.16496	0.14024	0.046258661
PRT	Portugal	2000	-0.08215	-0.10718	0.11627	0.08583	0.031992966
PRT	Portugal	2001	-0.19036	-0.22456	0.10937	0.06252	0.00832075
PRT	Portugal	2002	-0.20653	-0.23467	0.09772	0.05877	0.008678756
PRT	Portugal	2003	0.17397	0.13693	0.16217	0.12551	-0.003301049
PRT	Portugal	2004	0.17997	0.15109	0.22452	0.19455	0.019917658
PRT	Portugal	2005	0.17187	0.14747	0.16780	0.14348	0.016328304
PRT	Portugal	2006	0.33272	0.29336	0.11013	0.07735	0.003496181
PRT	Portugal	2007	0.18311	0.15513	0.04742	0.02264	0.011879
PRT	Portugal	2008	-0.49718	-0.51016	0.05262	0.02544	0.01448098
PRT	Portugal	2009	0.39963	0.41238	-0.05473	-0.04611	-0.010422471
PRT	Portugal	2010	-0.06211	-0.07496	0.04543	0.03111	0.023505574
PRT	Portugal	2011	-0.20373	-0.23106	-0.10757	-0.13820	-0.068585861
PRT	Portugal	2012	0.07693	0.04784	-0.01037	-0.03710	-0.04933868
PRT	Portugal	2013	0.15601	0.15095	0.01348	0.00904	-0.004981292
PRT	Portugal	2014	-0.21121	-0.20995	0.07703	0.07875	0.029342549
PRT	Portugal	2015	0.18605	0.18005	0.06396	0.05858	0.024615602
ESP	Spain	1950	0.06614	-0.03820	-0.03355	-0.12813	
ESP	Spain	1951	0.19546	0.09247	0.16805	0.06742	0.136918499
ESP	Spain	1952	0.09630	0.11850	0.04044	0.06152	0.048835453
ESP	Spain	1953	0.04131	0.02471	0.26497	0.24479	-0.037870764
ESP	Spain	1954	0.26043	0.24510	0.21554	0.20076	0.039901864
ESP	Spain	1955	0.37714	0.32387	0.06624	0.02499	0.028568713
ESP	Spain	1956	0.49410	0.41139	0.05645	-0.00203	0.075888706
ESP	Spain	1957	0.09217	-0.01407	0.14007	0.02917	0.072848524
ESP	Spain	1958	-0.11817	-0.22214	0.07717	-0.04984	0.0801434
ESP	Spain	1959	-0.05388	-0.11827	0.49524	0.39347	0.012444119
ESP	Spain	1960	0.02201	0.00980	-0.20193	-0.21147	-0.043568918
ESP	Spain	1961	0.28370	0.25846	0.36653	0.33966	0.102174875
ESP	Spain	1962	0.25330	0.18575	0.21063	0.14538	0.081556874
ESP	Spain	1963	0.08891	0.00144	0.16702	0.07327	0.100920193
ESP	Spain	1964	0.01599	-0.05033	0.17551	0.09878	0.040576556
ESP	Spain	1965	0.09912	-0.01726	0.18769	0.06193	0.068749443
ESP	Spain	1966	0.07835	0.00261	0.13465	0.05496	0.060578008
ESP	Spain	1967	0.08036	0.01559	0.09723	0.03144	0.051862458
ESP	Spain	1968	0.22479	0.16689	0.12644	0.07318	0.042686948
ESP	Spain	1969	0.52444	0.49234	0.28417	0.25713	0.062750166
ESP	Spain	1970	0.09526	0.03579	0.15003	0.08760	0.031309724
ESP	Spain	1971	0.04052	-0.03851	0.17987	0.09026	0.043391884
ESP	Spain	1972	0.34751	0.24476	0.22713	0.13356	0.076670884
ESP	Spain	1973	0.29760	0.16438	0.15305	0.03467	0.068349632
ESP	Spain	1974	0.04121	-0.09438	0.15887	0.00796	0.041839505
ESP	Spain	1975	-0.11339	-0.24650	0.08520	-0.07773	0.024634332
ESP	Spain	1976	-0.10936	-0.24288	0.16002	-0.01389	0.041202615
ESP	Spain	1977	-0.28759	-0.42797	0.24436	-0.00083	0.017307526
ESP	Spain	1978	-0.13261	-0.27581	0.30142	0.08656	0.018646346
ESP	Spain	1979	-0.07151	-0.19723	0.23947	0.07164	0.000913939
ESP	Spain	1980	0.00962	-0.12629	0.10852	-0.04070	0.01273315
ESP	Spain	1981	0.42420	0.24328	0.12224	-0.02032	-0.017747773
ESP	Spain	1982	0.00001	-0.12597	0.11366	-0.02664	-0.005169791
ESP	Spain	1983	0.12421	0.00218	0.11967	-0.00186	0.000102679
ESP	Spain	1984	0.46708	0.31839	0.13896	0.02353	-0.004610566
ESP	Spain	1985	0.34465	0.23573	0.15655	0.06287	0.033362495
ESP	Spain	1986	1.13260	0.96019	0.22215	0.12335	0.032237238
ESP	Spain	1987	0.47929	0.40553	0.26396	0.20094	0.057470728
ESP	Spain	1988	0.14383	0.09106	0.28269	0.22351	0.049424123
ESP	Spain	1989	0.12630	0.05467	0.26157	0.18133	0.057521512
ESP	Spain	1990	-0.11797	-0.17352	0.18136	0.10696	0.037866645
ESP	Spain	1991	0.05410	-0.00495	0.16690	0.10153	0.029247469
ESP	Spain	1992	-0.08083	-0.13224	0.00904	-0.04740	0.019196364
ESP	Spain	1993	0.56100	0.49280	0.02066	-0.02393	-0.024982253
ESP	Spain	1994	-0.09200	-0.13290	0.03332	-0.01323	0.006645667
ESP	Spain	1995	0.15700	0.10531	0.05845	0.01117	0.013992398
ESP	Spain	1996	0.42900	0.37991	0.05461	0.01838	0.020263153
ESP	Spain	1997	0.45400	0.42721	0.07288	0.05311	0.024385066
ESP	Spain	1998	0.39500	0.37082	0.07892	0.06021	0.04026446
ESP	Spain	1999	0.19700	0.17083	0.09951	0.07547	0.044982354
ESP	Spain	2000	-0.10400	-0.13417	0.10397	0.06680	0.040395552
ESP	Spain	2001	-0.03638	-0.06976	0.12280	0.08390	0.032096221
ESP	Spain	2002	-0.20465	-0.23174	0.19601	0.15527	0.013825465
ESP	Spain	2003	0.32978	0.29056	0.22350	0.18742	0.005003092
ESP	Spain	2004	0.23082	0.19444	0.20368	0.16810	0.024188613
ESP	Spain	2005	0.25783	0.21673	0.16384	0.12581	0.021265433
ESP	Spain	2006	0.40547	0.35771	0.11701	0.07904	0.021371811
ESP	Spain	2007	0.09162	0.06208	0.07049	0.04152	0.012937775
ESP	Spain	2008	-0.36947	-0.39418	0.01763	-0.02225	-0.022641603
ESP	Spain	2009	0.35605	0.35991	-0.05973	-0.05705	-0.04409907
ESP	Spain	2010	-0.14670	-0.16178	-0.00902	-0.02653	-0.001736286
ESP	Spain	2011	-0.08771	-0.11593	-0.03734	-0.06712	-0.028079404
ESP	Spain	2012	0.05011	0.02507	-0.06804	-0.09026	-0.033810237
ESP	Spain	2013	0.29880	0.28071	-0.13461	-0.14667	-0.025688285
ESP	Spain	2014	0.09085	0.09243	0.02797	0.02947	0.019938223
ESP	Spain	2015	-0.03199	-0.02716	0.06049	0.06578	0.030274493
SWE	Sweden	1950	0.28483	0.26507	-0.02350	-0.03852	
SWE	Sweden	1951	0.23161	0.05335	-0.03432	-0.17409	-0.018911321
SWE	Sweden	1952	-0.11041	-0.17044	0.21621	0.13413	0.029174264
SWE	Sweden	1953	0.18324	0.17603	0.14412	0.13715	0.019741838
SWE	Sweden	1954	0.38268	0.37015	-0.23448	-0.24142	0.035244478
SWE	Sweden	1955	-0.02632	-0.04930	0.22284	0.19398	0.023975066
SWE	Sweden	1956	0.02587	-0.02312	0.35688	0.29208	0.021306486
SWE	Sweden	1957	0.08447	0.03783	0.34500	0.28715	0.008482348
SWE	Sweden	1958	0.22361	0.17316	0.11869	0.07256	0.018413276
SWE	Sweden	1959	0.48297	0.47160	0.11966	0.11107	0.03125
SWE	Sweden	1960	0.03793	-0.00288	0.13192	0.08743	0.011038961
SWE	Sweden	1961	0.02455	0.00238	0.14842	0.12357	0.047741383
SWE	Sweden	1962	-0.05071	-0.09425	0.12700	0.07531	0.027584798
SWE	Sweden	1963	0.28253	0.24540	0.17322	0.13925	0.038576258
SWE	Sweden	1964	0.19935	0.16308	0.18550	0.14966	0.032548344
SWE	Sweden	1965	0.10509	0.05063	0.15949	0.10235	0.033191174
SWE	Sweden	1966	-0.20086	-0.25013	0.16183	0.09019	0.009691314
SWE	Sweden	1967	0.08165	0.03958	0.12777	0.08391	0.015108425
SWE	Sweden	1968	0.39472	0.36687	0.13667	0.11398	0.035545439
SWE	Sweden	1969	0.05566	0.02768	0.12901	0.09909	0.037368955
SWE	Sweden	1970	-0.19098	-0.24313	0.09362	0.02312	0.025590872
SWE	Sweden	1971	0.26898	0.18113	0.13008	0.05184	-0.006039415
SWE	Sweden	1972	0.14548	0.08064	0.15944	0.09381	0.031339942
SWE	Sweden	1973	0.03352	-0.03116	0.12341	0.05310	0.024031008
SWE	Sweden	1974	0.01528	-0.07645	0.14947	0.04562	0.030885693
SWE	Sweden	1975	0.34351	0.22385	0.30760	0.19114	0.023938904
SWE	Sweden	1976	0.04854	-0.04999	0.23307	0.11719	0.03800918
SWE	Sweden	1977	-0.12465	-0.21379	0.21355	0.08997	-0.013956059
SWE	Sweden	1978	0.21377	0.10251	0.17739	0.06946	-0.010089686
SWE	Sweden	1979	0.03730	-0.03207	0.16025	0.08266	0.022083805
SWE	Sweden	1980	0.28444	0.13059	0.07830	-0.05086	-0.009972299
SWE	Sweden	1981	0.63420	0.45761	0.06321	-0.05168	-0.006855064
SWE	Sweden	1982	0.40287	0.29240	0.08697	0.00138	0.00859276
SWE	Sweden	1983	0.69381	0.55478	0.09580	0.00585	-0.021368715
SWE	Sweden	1984	-0.09382	-0.16096	0.13271	0.04878	0.016840303
SWE	Sweden	1985	0.28715	0.19889	0.13312	0.05542	0.03045614
SWE	Sweden	1986	0.53614	0.47380	0.15557	0.10868	0.050394988
SWE	Sweden	1987	-0.05962	-0.09778	0.23703	0.18684	0.05121888
SWE	Sweden	1988	0.55417	0.46869	0.28191	0.21141	0.022819785
SWE	Sweden	1989	0.27078	0.19401	0.25657	0.18066	0.006150507
SWE	Sweden	1990	-0.29340	-0.36043	0.18234	0.07018	-0.012345679
SWE	Sweden	1991	0.08585	-0.00674	0.12451	0.02862	0.002548544
SWE	Sweden	1992	0.02558	0.00262	-0.04619	-0.06754	-0.019126014
SWE	Sweden	1993	0.56643	0.49678	-0.04186	-0.08447	-0.041466124
SWE	Sweden	1994	0.06545	0.04257	0.14792	0.12327	0.010814986
SWE	Sweden	1995	0.20633	0.17652	0.10114	0.07393	0.003566425
SWE	Sweden	1996	0.42630	0.41982	0.10209	0.09708	0.0148496
SWE	Sweden	1997	0.27918	0.27238	0.17951	0.17323	0.024637319
SWE	Sweden	1998	0.13089	0.13269	0.20320	0.20512	0.029171244
SWE	Sweden	1999	0.69757	0.68947	0.17363	0.16803	0.037239089
SWE	Sweden	2000	-0.10803	-0.11670	0.18194	0.17046	0.048136291
SWE	Sweden	2001	-0.14842	-0.16872	0.14320	0.11595	0.001745391
SWE	Sweden	2002	-0.35903	-0.37254	0.13006	0.10625	0.011543069
SWE	Sweden	2003	0.35494	0.32926	0.15981	0.13783	0.013995048
SWE	Sweden	2004	0.21352	0.20905	0.17345	0.16913	0.018579467
SWE	Sweden	2005	0.37001	0.36366	0.16774	0.16232	0.019491349
SWE	Sweden	2006	0.25796	0.24100	0.15497	0.13940	0.022390349
SWE	Sweden	2007	-0.02822	-0.04884	0.13886	0.11470	0.0152
SWE	Sweden	2008	-0.39269	-0.41302	0.07500	0.03900	-0.017927502
SWE	Sweden	2009	0.52243	0.52660	0.05495	0.05784	-0.012136409
SWE	Sweden	2010	0.26484	0.24887	0.12154	0.10737	0.030084329
SWE	Sweden	2011	-0.13711	-0.15911	0.05353	0.02667	0.012231203
SWE	Sweden	2012	0.16564	0.15548	0.02819	0.01923	-0.000110377
SWE	Sweden	2013	0.27765	0.27821	0.09279	0.09327	0.009345682
SWE	Sweden	2014	0.15674	0.15876	0.13079	0.13277	0.018630692
SWE	Sweden	2015	0.10191	0.10239	0.16483	0.16534	0.028320395
CHE	Switzerland	1950	0.09681	0.11405	0.07429	0.09117	
CHE	Switzerland	1951	0.19534	0.14084	0.10729	0.05681	0.001198753
CHE	Switzerland	1952	0.08369	0.05705	0.12150	0.09393	-0.005268199
CHE	Switzerland	1953	0.10476	0.11191	0.12072	0.12798	0.014443909
CHE	Switzerland	1954	0.26143	0.25258	0.07712	0.06957	0.029900332
CHE	Switzerland	1955	0.05989	0.05007	0.08362	0.07357	0.028801843
CHE	Switzerland	1956	0.02119	0.00604	0.09223	0.07602	0.037178052
CHE	Switzerland	1957	-0.10254	-0.11979	0.08868	0.06775	0.009285252
CHE	Switzerland	1958	0.22764	0.20548	0.02976	0.01117	0.001497647
CHE	Switzerland	1959	0.29196	0.30036	0.06312	0.07004	0.036530656
CHE	Switzerland	1960	0.44460	0.42412	0.03740	0.02269	0.029884584
CHE	Switzerland	1961	0.49390	0.46683	-0.06673	-0.08364	0.038823294
CHE	Switzerland	1962	-0.17714	-0.21119	0.12827	0.08159	0.037372375
CHE	Switzerland	1963	-0.00158	-0.03478	0.09751	0.06102	0.026926648
CHE	Switzerland	1964	-0.06932	-0.09714	0.08073	0.04842	0.027486438
CHE	Switzerland	1965	-0.07000	-0.10070	0.06838	0.03311	0.024815206
CHE	Switzerland	1966	-0.12095	-0.16102	0.10023	0.05007	0.021294865
CHE	Switzerland	1967	0.47191	0.41500	0.04401	0.00365	0.018160417
CHE	Switzerland	1968	0.39494	0.36209	0.02183	-0.00224	0.028736581
CHE	Switzerland	1969	0.04484	0.01947	0.03141	0.00636	0.041258629
CHE	Switzerland	1970	-0.10650	-0.13768	0.12271	0.08353	0.045020043
CHE	Switzerland	1971	0.15500	0.08377	0.13043	0.06071	0.035408675
CHE	Switzerland	1972	0.20729	0.13190	0.18074	0.10701	0.045312055
CHE	Switzerland	1973	-0.19999	-0.26439	0.17745	0.08266	0.021946565
CHE	Switzerland	1974	-0.33138	-0.39087	0.03452	-0.05753	-0.007069494
CHE	Switzerland	1975	0.46757	0.37546	0.03002	-0.03462	-0.018404084
CHE	Switzerland	1976	0.07886	0.06066	0.04442	0.02680	0.022854797
CHE	Switzerland	1977	0.08092	0.06720	0.12685	0.11255	0.032780305
CHE	Switzerland	1978	-0.00512	-0.01551	0.07800	0.06673	0.018914367
CHE	Switzerland	1979	0.10929	0.07025	0.12827	0.08856	0.008264463
CHE	Switzerland	1980	0.06067	0.01966	0.12537	0.08186	0.020680958
CHE	Switzerland	1981	-0.11905	-0.17274	0.13338	0.06430	0.004447739
CHE	Switzerland	1982	0.13256	0.07194	0.09640	0.03771	-0.002829028
CHE	Switzerland	1983	0.27295	0.23626	0.09689	0.06528	0.007277661
CHE	Switzerland	1984	0.04520	0.01559	0.11471	0.08314	0.010409013
CHE	Switzerland	1985	0.61357	0.55987	0.09915	0.06257	0.01272573
CHE	Switzerland	1986	0.09712	0.08893	0.09760	0.08940	0.019626616
CHE	Switzerland	1987	-0.27482	-0.28517	0.12917	0.11306	0.017253521
CHE	Switzerland	1988	0.23610	0.21354	0.14877	0.12780	0.011999538
CHE	Switzerland	1989	0.22586	0.18831	0.13794	0.10309	0.016873789
CHE	Switzerland	1990	-0.19315	-0.23456	0.08629	0.03053	0.003924207
CHE	Switzerland	1991	0.17670	0.11173	0.03094	-0.02599	0.004690641
CHE	Switzerland	1992	0.17640	0.13058	0.00042	-0.03855	-0.007447755
CHE	Switzerland	1993	0.50810	0.45967	0.00478	-0.02748	-0.014335312
CHE	Switzerland	1994	-0.07620	-0.08392	0.04580	0.03706	0.002840586
CHE	Switzerland	1995	0.23060	0.20871	0.02059	0.00243	0.000453206
CHE	Switzerland	1996	0.18290	0.17337	0.01528	0.00710	0.007361268
CHE	Switzerland	1997	0.55189	0.54389	0.00828	0.00309	0.012591343
CHE	Switzerland	1998	0.15365	0.15344	0.04281	0.04261	0.019762407
CHE	Switzerland	1999	0.11691	0.10795	0.05865	0.05016	0.019597169
CHE	Switzerland	2000	0.11911	0.10191	0.07317	0.05667	0.019434063
CHE	Switzerland	2001	-0.22027	-0.22792	0.10208	0.09128	0.016444957
CHE	Switzerland	2002	-0.25952	-0.26422	0.13452	0.12730	-0.006079967
CHE	Switzerland	2003	0.22064	0.21292	0.11626	0.10920	0.002903059
CHE	Switzerland	2004	0.06891	0.06041	0.07572	0.06718	0.009821152
CHE	Switzerland	2005	0.35608	0.34035	0.07222	0.05977	0.013001638
CHE	Switzerland	2006	0.20667	0.19400	0.06390	0.05273	0.01061142
CHE	Switzerland	2007	-0.00054	-0.00786	0.07537	0.06749	0.0031
CHE	Switzerland	2008	-0.34047	-0.35612	0.09135	0.06545	0.015551789
CHE	Switzerland	2009	0.23181	0.23769	0.11375	0.11907	0.010405419
CHE	Switzerland	2010	0.02919	0.02220	0.09948	0.09201	0.008189162
CHE	Switzerland	2011	-0.07721	-0.07929	0.09359	0.09113	0.002795824
CHE	Switzerland	2012	0.17722	0.18551	0.09496	0.10267	0.011067758
CHE	Switzerland	2013	0.24600	0.24874	0.08824	0.09063	0.01093666
CHE	Switzerland	2014	0.13001	0.13015	0.05307	0.05320	-0.002468195
CHE	Switzerland	2015	0.02675	0.03859	0.06266	0.07491	0.013056879
GBR	UK	1950	0.10957	0.06774	0.05265	0.01296	
GBR	UK	1951	0.08230	-0.00752	0.12951	0.03578	-0.017027315
GBR	UK	1952	-0.00141	-0.09753	-0.00381	-0.09970	-0.002887044
GBR	UK	1953	0.24431	0.20078	0.03497	-0.00124	0.039811799
GBR	UK	1954	0.48616	0.45287	0.03344	0.01029	0.037591368
GBR	UK	1955	0.10863	0.05513	0.10252	0.04931	0.036900369
GBR	UK	1956	-0.09164	-0.13623	0.16309	0.10599	0
GBR	UK	1957	-0.00948	-0.04613	0.07859	0.03868	0.015205435
GBR	UK	1958	0.47742	0.43610	0.08701	0.05661	0.023581899
GBR	UK	1959	0.54862	0.53940	0.07107	0.06469	0.037048568
GBR	UK	1960	0.01839	0.01036	0.11388	0.10510	0.029420594
GBR	UK	1961	0.01813	-0.01393	0.15867	0.12218	0.01312336
GBR	UK	1962	0.00379	-0.03666	0.11651	0.07152	0.012377663
GBR	UK	1963	0.19808	0.17337	0.12194	0.09880	0.036110321
GBR	UK	1964	-0.05410	-0.08369	0.11316	0.07834	0.025246981
GBR	UK	1965	0.11174	0.06635	0.13670	0.09028	0.004550321
GBR	UK	1966	-0.03841	-0.07539	0.09562	0.05348	0.012256861
GBR	UK	1967	0.34190	0.31246	0.10102	0.07686	0.018952356
GBR	UK	1968	0.48195	0.42500	0.11874	0.07574	0.023766469
GBR	UK	1969	-0.11873	-0.16229	0.11289	0.05789	0.000504668
GBR	UK	1970	-0.03486	-0.09392	0.09770	0.03052	0.025220681
GBR	UK	1971	0.46602	0.33987	0.17174	0.07091	0.027552276
GBR	UK	1972	0.16374	0.08567	0.37924	0.28671	0.060330381
GBR	UK	1973	-0.28001	-0.34155	0.40513	0.28503	0.052156243
GBR	UK	1974	-0.50195	-0.56965	0.11682	-0.03499	-0.014377682
GBR	UK	1975	1.49607	1.03428	0.09056	-0.11120	-0.001524058
GBR	UK	1976	0.02326	-0.11526	0.13289	-0.02048	0.004143044
GBR	UK	1977	0.48560	0.29247	0.10626	-0.03755	-0.00369164
GBR	UK	1978	0.08666	0.01111	0.20207	0.11849	0.052746295
GBR	UK	1979	0.11481	0.00098	0.32885	0.19316	0.045341615
GBR	UK	1980	0.34833	0.17089	0.25195	0.08719	-0.002376708
GBR	UK	1981	0.13627	0.01626	0.09379	-0.02174	-0.001985309
GBR	UK	1982	0.28492	0.18852	0.06510	-0.01481	0.007957032
GBR	UK	1983	0.28779	0.22723	0.16181	0.10717	0.039865798
GBR	UK	1984	0.31574	0.26200	0.13128	0.08508	0.01992788
GBR	UK	1985	0.20137	0.14501	0.13268	0.07954	0.034052847
GBR	UK	1986	0.27218	0.23122	0.17937	0.14140	0.062083858
GBR	UK	1987	0.08651	0.05277	0.20637	0.16891	0.050999661
GBR	UK	1988	0.11484	0.07445	0.28883	0.24213	0.072867967
GBR	UK	1989	0.35468	0.28726	0.24140	0.17962	0.031104433
GBR	UK	1990	-0.09611	-0.15503	0.01664	-0.04963	0.004371903
GBR	UK	1991	0.20805	0.12343	0.01869	-0.05267	-0.019297737
GBR	UK	1992	0.19889	0.14988	-0.00279	-0.04355	0.00162746
GBR	UK	1993	0.27548	0.24429	0.01652	-0.00833	0.024519941
GBR	UK	1994	-0.05950	-0.07774	0.06820	0.04747	0.024653979
GBR	UK	1995	0.23021	0.19838	0.05243	0.02520	0.013367103
GBR	UK	1996	0.15810	0.13095	0.02471	0.00069	0.035962233
GBR	UK	1997	0.23567	0.21353	0.10921	0.08933	0.031899209
GBR	UK	1998	0.13674	0.11931	0.12077	0.10358	0.034290168
GBR	UK	1999	0.23799	0.22176	0.11725	0.10259	0.042823057
GBR	UK	2000	-0.05940	-0.06684	0.18020	0.17087	0.040582852
GBR	UK	2001	-0.13220	-0.14277	0.14250	0.12858	0.027658836
GBR	UK	2002	-0.22260	-0.23227	0.21859	0.20344	0.032882883
GBR	UK	2003	0.20176	0.18561	0.22209	0.20568	0.026929786
GBR	UK	2004	0.12595	0.11102	0.17930	0.16367	0.031956683
GBR	UK	2005	0.21644	0.19192	0.08248	0.06067	0.011728395
GBR	UK	2006	0.16432	0.13782	0.07291	0.04850	0.016880212
GBR	UK	2007	0.05082	0.02696	0.10657	0.08145	0.0173
GBR	UK	2008	-0.29751	-0.32193	-0.01276	-0.04708	0.000196599
GBR	UK	2009	0.28952	0.26219	-0.07465	-0.09427	-0.038624079
GBR	UK	2010	0.14158	0.10513	0.08503	0.05039	0.002028884
GBR	UK	2011	-0.03427	-0.07554	0.00756	-0.03549	-0.008789931
GBR	UK	2012	0.12146	0.09061	0.03104	0.00268	0.010119542
GBR	UK	2013	0.20538	0.17524	0.06411	0.03750	0.019487531
GBR	UK	2014	0.01195	-0.00262	0.12826	0.11201	0.015876955
GBR	UK	2015	0.01100	0.01059	0.09322	0.09279	0.021973426
USA	USA	1950	0.28295	0.30132	0.08022	0.09569	
USA	USA	1951	0.25671	0.16367	0.10632	0.02442	-0.001161545
USA	USA	1952	0.17258	0.14722	0.09003	0.06646	0.014380903
USA	USA	1953	0.00922	0.00164	0.16012	0.15140	0.03082132
USA	USA	1954	0.47040	0.46412	0.05066	0.04617	0.002600731
USA	USA	1955	0.34430	0.34862	0.04824	0.05161	0.055031744
USA	USA	1956	0.06194	0.04624	0.04863	0.03313	0.010935082
USA	USA	1957	-0.09302	-0.12304	0.07517	0.03958	0.006485558
USA	USA	1958	0.36970	0.33329	0.06175	0.03352	-0.008914732
USA	USA	1959	0.13834	0.12788	0.04692	0.03730	0.03903303
USA	USA	1960	-0.00525	-0.02005	0.05446	0.03878	0.011555146
USA	USA	1961	0.29859	0.28478	0.05454	0.04332	0.00391554
USA	USA	1962	-0.09716	-0.10712	0.06145	0.04973	0.034022248
USA	USA	1963	0.22047	0.20583	0.06107	0.04834	0.026741888
USA	USA	1964	0.16570	0.15064	0.06649	0.05271	0.04593133
USA	USA	1965	0.12494	0.10648	0.06463	0.04716	0.050623991
USA	USA	1966	-0.08209	-0.10875	0.06815	0.03713	0.045215067
USA	USA	1967	0.20767	0.17506	0.06625	0.03745	0.018843756
USA	USA	1968	0.14974	0.10321	0.08221	0.03841	0.047396514
USA	USA	1969	-0.11484	-0.16030	0.11985	0.06233	0.027338757
USA	USA	1970	0.02283	-0.03411	0.13493	0.07175	0.011426788
USA	USA	1971	0.13537	0.08902	0.10859	0.06333	0.025457252
USA	USA	1972	0.21660	0.17767	0.09427	0.05926	0.050449497
USA	USA	1973	-0.16460	-0.21352	0.07499	0.01204	0.039457855
USA	USA	1974	-0.25438	-0.32848	0.13248	0.01992	-0.0167646
USA	USA	1975	0.37737	0.26211	0.16200	0.06477	0.013073863
USA	USA	1976	0.22604	0.15952	0.12916	0.06789	0.045572938
USA	USA	1977	-0.05931	-0.11661	0.17427	0.10274	0.032275392
USA	USA	1978	0.07845	0.00183	0.19539	0.11047	0.033266593
USA	USA	1979	0.18042	0.07818	0.18832	0.08540	0.013223077
USA	USA	1980	0.29555	0.16599	0.13124	0.01811	-0.012409419
USA	USA	1981	-0.02300	-0.10862	0.10307	0.00639	0.004398145
USA	USA	1982	0.18150	0.11426	0.08720	0.02532	0.004482367
USA	USA	1983	0.23020	0.18061	0.09468	0.05055	0.047967265
USA	USA	1984	0.04641	0.00398	0.10084	0.05620	0.044376494
USA	USA	1985	0.30821	0.26557	0.11024	0.07405	0.043049053
USA	USA	1986	0.23917	0.21641	0.12733	0.10663	0.031276024
USA	USA	1987	0.00487	-0.02740	0.12215	0.08612	0.0243449
USA	USA	1988	0.18776	0.14571	0.10977	0.07049	0.031409658
USA	USA	1989	0.30076	0.24696	0.10848	0.06263	0.018687746
USA	USA	1990	-0.02226	-0.06821	0.08613	0.03509	0.009009138
USA	USA	1991	0.21889	0.17610	0.07414	0.03644	-0.011743301
USA	USA	1992	0.15320	0.12522	0.08322	0.05694	0.018769088
USA	USA	1993	0.09845	0.07144	0.07840	0.05188	0.020157372
USA	USA	1994	0.00517	-0.01539	0.08086	0.05875	0.025086986
USA	USA	1995	0.38043	0.34796	0.08570	0.06016	0.015012507
USA	USA	1996	0.23363	0.20163	0.08982	0.06155	0.02251971
USA	USA	1997	0.31567	0.28783	0.08861	0.06558	0.025714633
USA	USA	1998	0.25342	0.23615	0.10623	0.09099	0.03865747
USA	USA	1999	0.21455	0.18972	0.10303	0.08048	0.039508883
USA	USA	2000	-0.05703	-0.08798	0.11725	0.08058	0.035659257
USA	USA	2001	-0.12793	-0.15174	0.12704	0.09626	0.014407161
USA	USA	2002	-0.20061	-0.21331	0.11397	0.09626	0.016642093
USA	USA	2003	0.22115	0.19359	0.11118	0.08610	0.019150991
USA	USA	2004	0.12771	0.09845	0.14053	0.11094	0.026687472
USA	USA	2005	0.07095	0.03586	0.15761	0.11969	0.022650992
USA	USA	2006	0.14201	0.10653	0.11353	0.07893	0.022117603
USA	USA	2007	0.06391	0.03423	0.05242	0.02305	0.007549
USA	USA	2008	-0.38755	-0.41002	-0.00605	-0.04251	-0.011219305
USA	USA	2009	0.29084	0.29494	-0.00851	-0.00537	-0.014588781
USA	USA	2010	0.13858	0.12010	0.00794	-0.00842	0.010744374
USA	USA	2011	0.02273	-0.00822	0.01365	-0.01703	0.009650648
USA	USA	2012	0.16908	0.14516	0.05210	0.03058	0.006264354
USA	USA	2013	0.29564	0.27708	0.12796	0.11181	0.007869299
USA	USA	2014	0.15817	0.13952	0.10633	0.08851	0.019574268
USA	USA	2015	0.02103	0.01986	0.10648	0.10521	0.025218473
